#我的健康饮食与运动#健康体重·青春同行 ​​​
#我的健康饮食与运动#健康体重·青春同行 ​​​
#我的健康饮食与运动#健康体重·青春同行 ​​​
#我的健康饮食与运动#健康体重·青春同行 ​​​
快来参与吧！ ​​​
我参与了#校园公益市集#活动，快来和我一起助力校园公益吧！ ​​​
你一票我一票，西瓜明天送到校。你不投我不投，吃瓜何时能自由。快来微博参与#我为母校赢西瓜# 活动，为母校赢西瓜，早日实现吃瓜自由！ 2024我为母校赢西瓜  ​​​
