霸王茶姬超话#霸王茶姬新品# ​​​
