#河南一定行#  盼平安！河南加油！使用“河南加油”卡片背景，风雨面前我们一起扛！  ​​​
来我的主页看看我的精选照片吧 我爱的whd的微博视频 ​​​
#河南一定行#  盼平安！河南加油！使用“河南加油”卡片背景，风雨面前我们一起扛！  ​​​
