#一个消消乐玩家的11年#和消消乐一起走过的第11年~进入游戏查看你的周年回忆吧～ ​​​
#无限精力免费领#点击链接，帮我获得无限精力，爱你~助力领奖 ​​​
#福佑开心年##开心有求必应#开心消消乐制作大师在此，快来看看我的作品吧！龙年到，财运到~ ​​​
#福佑开心年##开心有求必应#不愧是我！快来看看我的成果吧！要来和我比比吗~龙年到，财运到~ ​​​
#福佑开心年##开心有求必应#我接到了超多福袋，请叫我开心村村福第一～网页链接 ​​​
#福佑开心年##开心有求必应#福气接到我手软！我用聚宝盆接到了超多礼物～网页链接 ​​​
#福佑开心年##开心有求必应#我在接禄挑战获得超高分，葫芦娃都没我葫芦多！网页链接 ​​​
#福佑开心年##开心有求必应#我接到了超多福袋，请叫我开心村村福第一～网页链接 ​​​
#福佑开心年##开心有求必应#特种兵旅游走的路，都没有我接到的禄多！网页链接 ​​​
#开心消消乐##越奏越开心#我的专属开心音乐会回忆！进游戏，更多精彩等你发现！ ​​​
#开心消消乐##越奏越开心#我的专属开心音乐会回忆！进游戏，更多精彩等你发现！ ​​​
