抽
❤️
c
抽
