和平精英超话 出四词条轩辕aug ​​​
春天到了 ​​​
好想任性一些，随便吧 ​​​
#金蛇添福迎新年# 福运至！我收到了@微博开新年 送我的#添喜事#卡集齐6种添福卡，除夕夜20:25准点开红包，最高2025元！速戳&gt;&gt;金蛇添福迎新年 加入集卡，喜迎蛇年开门红！ ​​​
#金蛇添福迎新年# 福运至！我收到了@微博开新年 送我的#添安康#卡集齐6种添福卡，除夕夜20:25准点开红包，最高2025元！速戳&gt;&gt;金蛇添福迎新年 加入集卡，喜迎蛇年开门红！ ​​​
我不想再熬夜了啊🙀 ​​​
我死了要独葬，不要合葬，墓碑上是XX或XX之墓，不要XX之妻，XX之母 ​​​
我要做个多话的人 ​​​
