换句话说🐝就不能英雄联盟转瓦吗 ​​​
分享图片 ​​​
张锦湦超话 1.25成都专场 ​​​
谁来吃！ ​​​
 ​​​
幸福☺️ ​​​
朋友才是最好的解药 ​​​
#大学生##不可辜负的美食##发小# ​​​
#未来三天可能发生大地磁暴#连续4天都没咋个睡好…… ​​​
边放英药边拍照，好一个实况卡点 ​​​
