#2025KPL春季赛#哇哦~终于人品爆发在@KPL王者荣耀职业联赛 的直播间领到了@微博直播 的红包，快来沾沾喜气，一起分享我的好运呀！KPL王者荣耀职业联赛的微博直播 ​​​
#KSG对战TES# #KSG对战TES# KPL王者荣耀职业联赛的微博直播 ​​​
#Hero对战RW# #Hero对战RW# KPL王者荣耀职业联赛的微博直播 ​​​
#FPX对战WBG#哇哦~终于人品爆发在@英雄联盟赛事 的直播间领到了@微博直播 的红包，快来沾沾喜气，一起分享我的好运呀！英雄联盟赛事的微博直播 ​​​
#TT对战IG# #TT对战IG# 英雄联盟赛事的微博直播 ​​​
#FPX对战WBG# #FPX对战WBG# 英雄联盟赛事的微博直播 ​​​
#我们都要向何浩楠道歉# 是要向浩楠道歉，颜值担当支持 这样就很好了 加油加油加油
太帅了吧
#彭昱畅带狗拍封面# 好可爱好喜欢可爱可萌颜值担当乐在旅途，很轻松，很开心
#倪虹洁弥补了浪姐没有刘晓艳的缺憾# 真的是非常优秀 太喜欢了这也太绝了吧好美啊可爱可萌
#AG对战WB# #AG对战WB# KPL王者荣耀职业联赛的微博直播 ​​​
#狼队对战EDGM# #狼队对战EDGM# KPL王者荣耀职业联赛的微博直播 ​​​
Chenguangliang先生超话
#欢喜了_的红包#我在@欢喜了_ 的红包中抽到了13.14元，看来今年我要发发发了！超走运！好运送你一份，快来试试手气吧~ ​​​
@小六忠诚 直播间正在派发红包，快点击进入下方直播间，人人可领！ 小六忠诚的微博直播 ​​​
真的是非常优秀 太喜欢了
真的是非常优秀 太喜欢了
大微备的超话哇！好运来袭！我抽中了@大微备 的现金红包，你也快来试试手气吧，比比谁抢得多！ ​​​
大微备的超话
紫灵仙子超话
#任嘉伦手指钢琴舞# 好可爱好喜欢太帅了吧真的是非常优秀 太喜欢了
#任嘉伦手指钢琴舞# 好可爱好喜欢乐在旅途，很轻松，很开心太帅了吧
#任嘉伦手指钢琴舞# 真的是非常优秀 太喜欢了颜值担当太帅了吧
好可爱好喜欢
这也太绝了吧好美啊
好可爱好喜欢
真的是非常优秀 太喜欢了
#盛世牛博的红包#哇！好运来袭！我抽中了@盛世牛博 的现金红包，你也快来试试手气吧，比比谁抢得多！ ​​​
#陆虎说勤劳不应该被辜负# 真的是非常优秀 太喜欢了颜值担当支持 这样就很好了 加油加油加油
身体是革命的本钱
身体是革命的本钱
身体是革命的本钱
这也太绝了吧好美啊
真的是非常优秀 太喜欢了
岚图MPV凭借分布式四驱与2720N·m超大扭矩，成功挑战60%陡坡比肩奔驰大G、仰望U8，让MPV从家用舒适迈向全地形驾驭，技术突破改写品类边界，谁说MPV不能纵横山野，这波硬核实力太惊艳！
@林飞财源广进 直播间正在派发红包，快点击进入下方直播间，人人可领！ 林飞财源广进的微博直播 ​​​
#Hero对战TTG# #Hero对战TTG# KPL王者荣耀职业联赛的微博直播 ​​​
这也太绝了吧好美啊
这也太绝了吧好美啊
太帅了吧
太帅了吧
太帅了吧
太帅了吧
太帅了吧
太帅了吧
#年轻人花10万能买到什么车#曾经选第一台车，要看“预算能不能兜住配置”；现在，更像是在选一个“能不能陪我放心用五年”的搭子。
真的是非常优秀 太喜欢了
哇哦~终于人品爆发在@Lucky学姐考研教育学 的直播间领到了@微博直播 的红包，快来沾沾喜气，一起分享我的好运呀！Lucky学姐考研教育学的微博直播 ​​​
#庄达菲只有刘海很乖# 太好看了吧，我还想看一遍可爱可萌这也太绝了吧好美啊
#庄达菲只有刘海很乖# 这也太绝了吧好美啊好可爱好喜欢哇塞 这也太好看了吧 小公主一样
#eStar对战TES# #eStar对战TES# KPL王者荣耀职业联赛的微博直播 ​​​
#庄达菲只有刘海很乖# 这也太绝了吧好美啊可爱可萌哇塞 这也太好看了吧 小公主一样
#沙尘暴戒断反应# 哇塞 这也太好看了吧 颜值担当太好看了吧，我还想看一遍
#沙尘暴戒断反应# 演戏演的不错，太好看了吧，我还想看一遍
去药房买药一定要区分处方药、非处方药、非处方药也看要是什么颜色的OTC字体。最好找安全度更高的OTC药物、转发！
去药房买药一定要区分处方药、非处方药、非处方药也看要是什么颜色的OTC字体。最好找安全度更高的OTC药物、转发！
处方药与OTC的清晰分类在乌镇健康大会的专业探讨中再度彰显价值——前者以严格处方制度为复杂病症筑牢安全用药防线，后者凭明确指引让常见健康需求可自主管理，这种兼顾精准医疗与便捷康养的科学体系，既是医药监管现代化的生动实践，也为公众全生命周期健康守护提供了可信赖的“双轨方案”。
玩过的
玩过的
即便时光流转，那份关于童年的美好回忆，依旧如璀璨星辰，在心中熠熠生辉。
处方药（Rx）与非处方药（OTC）的核心区别在于是否需要医生指导使用
玩过的
#以美之名有效播放量破2亿# 恭喜恭喜，真的是非常优秀 太喜欢了，颜值担当，太好看了吧，我还想看一遍//@姚晨:小美有效播放量破2亿！🙏
这也太绝了吧好美啊
这也太绝了吧好美啊
这也太绝了吧好美啊
这也太绝了吧好美啊
哇哦~终于人品爆发在@蒉莺春Kate 的直播间领到了@微博直播 的红包，快来沾沾喜气，一起分享我的好运呀！蒉莺春Kate的微博直播 ​​​
#袁国庆的红包#哇！好运来袭！我抽中了@袁国庆 的现金红包，你也快来试试手气吧，比比谁抢得多！ ​​​
大微备的超话
真的是非常优秀 太喜欢了
这车太帅了吧
哇哦~终于人品爆发在@白桃星座 的直播间领到了@微博直播 的红包，快来沾沾喜气，一起分享我的好运呀！白桃星座的微博直播 ​​​
@林飞财源广进 直播间正在派发红包，快点击进入下方直播间，人人可领！ 林飞财源广进的微博直播 ​​​
#2025KPL春季赛#哇哦~终于人品爆发在@KPL王者荣耀职业联赛 的直播间领到了@微博直播 的红包，快来沾沾喜气，一起分享我的好运呀！KPL王者荣耀职业联赛的微博直播 ​​​
#LGDNBW对战DRG# #LGDNBW对战DRG# KPL王者荣耀职业联赛的微博直播 ​​​
#KSG对战RW# #KSG对战RW# KPL王者荣耀职业联赛的微博直播 ​​​
哇哦~终于人品爆发在@令狐冲本冲 的直播间领到了@微博直播 的红包，快来沾沾喜气，一起分享我的好运呀！令狐冲本冲的微博直播 ​​​
#努力的西海的红包#哇！好运来袭！我抽中了@努力的西海 的现金红包，你也快来试试手气吧，比比谁抢得多！ ​​​
这也太绝了吧好美啊
哇哦~终于人品爆发在@房价之外 的直播间领到了@微博直播 的红包，快来沾沾喜气，一起分享我的好运呀！房价之外的微博直播 ​​​
哇哦~终于人品爆发在@房价之外 的直播间领到了@微博直播 的红包，快来沾沾喜气，一起分享我的好运呀！房价之外的微博直播 ​​​
@合盈社区 直播间正在派发红包，快点击进入下方直播间，人人可领！ 合盈社区的微博直播 ​​​
#阮博同学的红包#哇！好运来袭！我抽中了@阮博同学 的现金红包，你也快来试试手气吧，比比谁抢得多！ ​​​
如此布局，看来阴阳师又要大战江湖，江湖风云将至！
大微备的超话
理财成长超话
#Mr圆周率的红包#哇！好运来袭！我抽中了@Mr圆周率 的现金红包，你也快来试试手气吧，比比谁抢得多！ ​​​
哇塞 这太厉害了吧
哇塞 这太厉害了吧
非遗古方能否治愈现代顽疾， 了解了黄芪桂枝五物汤在硬皮病等免疫系统病肿的应用，👏
这也太绝了吧好美啊
这车太帅了吧
#Burn_down的红包#哇！好运来袭！我抽中了@Burn_down 的现金红包，你也快来试试手气吧，比比谁抢得多！ ​​​
真的是非常优秀 太喜欢了
大微备的超话
#罗晋在出警和出卖之间选择了出品#真的是非常优秀 太喜欢了哇塞 这太厉害了吧太好看了吧，我还想看一遍
#罗晋在出警和出卖之间选择了出品#演戏演的不错，有一种人见人爱花见花开的颜值担当太帅了吧
#狠毒girl945aaa的红包#我猜对了@狠毒girl945aaa 的口令【亚洲黑熊是国家_级保护动物】抽到了0.16元现金，相信你也可以！小机灵宝儿们快来嗨抢吧！ ​​​
安艺扬超话
