（、、*。在（ ​​​
