喵喵喵，有人想进搭子群嘛，关注就拉呀#三角洲行动#三角洲行动超话 ​​​
