#高校摄影大赛##摄影新生# 夜幕降临，财大的夜晚显得格外宁静与和谐，教学楼灯火通明，小桥灯带蜿蜒，河水潋滟，树影摇曳…… ​​​
我的校园日常超话#校园随手拍# 分享校园美景，记录日常生活~ ​​​
我的校园日常超话#校园随手拍# 分享校园美景，记录日常生活~ ​​​
我的校园日常超话#校园随手拍# 分享校园美景，记录日常生活~ ​​​
我的校园日常超话#校园随手拍# 分享校园美景，记录日常生活~ ​​​
我的校园日常超话#校园随手拍# 分享校园美景，记录日常生活~ ​​​
我的校园日常超话#校园随手拍# 分享校园美景，记录日常生活~ ​​​
我的校园日常超话#校园随手拍# 分享校园美景，记录日常生活~ ​​​
我参与了#校园公益市集#活动，快来和我一起助力校园公益吧！ ​​​
在这个充满绿意的季节里，让我们携手加入#绿植领养#，为校园增添一份清新与美丽！💚🏫 2025全国青少年绿植领养  ​​​
在这个充满绿意的季节里，让我们携手加入#绿植领养#，为校园增添一份清新与美丽！💚🏫 2025全国青少年绿植领养  ​​​
#绿植领养# 我正在参与第十五届全国青少年绿植领养！快来与我一起记录低碳日常，学科普知识，助力绿色生活吧~ ​​​
#微博之夜# 我推荐@Dear-迪丽热巴 成为2024微博QUEEN，任何璀璨的勋章，都不及她眼里的灿烂星光。戳&gt;&gt;微博KING和QUEEN 一起来推荐你心中的#微博KING和QUEEN# 吧~加入粉丝战队，抢占成就席位，还有机会赢取盛典门票见到Ta！ ​​​
#微博之夜# 我推荐@Dear-迪丽热巴 成为2024微博QUEEN，任何璀璨的勋章，都不及她眼里的灿烂星光。戳&gt;&gt;微博KING和QUEEN 一起来推荐你心中的#微博KING和QUEEN# 吧~加入粉丝战队，抢占成就席位，还有机会赢取盛典门票见到Ta！ ​​​
#冬日萌宠影像计划# ​​​
#微博演出大赏# ​​​
#你在KTV最爱点唱的港乐作品# ​​​
#微博之夜# 我推荐@Dear-迪丽热巴 成为2024微博QUEEN，任何璀璨的勋章，都不及她眼里的灿烂星光。戳&gt;&gt;微博KING和QUEEN 一起来推荐你心中的#微博KING和QUEEN# 吧~加入粉丝战队，抢占成就席位，还有机会赢取盛典门票见到Ta！ ​​​
#再见体# ​​​
#2025接上岸# ​​​
#为考研加油# ​​​
我推荐@Dear-迪丽热巴 成为2024微博QUEEN，于璀璨星海之中，我一眼就看到了她。谁才是你心中的#微博KING和QUEEN# 呢？戳&gt;&gt;微博KING和QUEEN 来推荐吧！加入粉丝战队解锁成就席位，还有机会赢取门票亲临#微博之夜# 现场哦~ ​​​
#为考研加油# ​​​
#九重紫名场面打卡# ​​​
#再见体# ​​​
#考研热真的过去了吗#加油💪💪💪 ​​​
#微博之夜# 我推荐@Dear-迪丽热巴 成为2024微博QUEEN，任何璀璨的勋章，都不及她眼里的灿烂星光。戳&gt;&gt;微博KING和QUEEN 一起来推荐你心中的#微博KING和QUEEN# 吧~加入粉丝战队，抢占成就席位，还有机会赢取盛典门票见到Ta！ ​​​
#冬日萌宠影像计划# ​​​
#为考研加油# ​​​
#微博音乐大赏# ​​​
#舌尖上的校园# ​​​
#与TOP登陆少年一起无畏冒险# ​​​
#为考研加油# ​​​
#下一站是上岸##为考研加油# ​​​
#为考研加油# ​​​
#与TOP登陆少年一起无畏冒险# ​​​
#微博演出大赏# ​​​
#你在KTV最爱点唱的港乐作品# ​​​
#微博音乐大赏# ​​​
#再见体# ​​​
#冬日萌宠影像计划# ​​​
#为考研加油# ​​​
#微博演出大赏# ​​​
#微博音乐大赏# ​​​
#与TOP登陆少年一起无畏冒险# ​​​
#你在KTV最爱点唱的港乐作品# ​​​
#你在KTV最爱点唱的港乐作品# ​​​
#2024宿舍追剧推荐# ​​​
#为考研加油# ​​​
#2024宿舍追剧推荐# ​​​
#微博演出大赏# ​​​
#为考研加油# ​​​
#我在北江削铅笔# 活动正在火热进行中！点击我在北江削铅笔 进入立即开始削铅笔吧！#猎罪图鉴2# ​​​
我正在参加#送你一片山花烂漫#活动，快点击《山花烂漫时》种红梅活动 和我一起为大山女孩种梅花吧！#山花烂漫时# ​​​
