打工人  ​​​
第一天 ​​​
